4294967293,131
4294967293,130
4294967293,129
4294967293,128
4294967293,127
4294967293,126
4294967293,125
4294967293,124
4294967293,123
4294967293,122
4294967293,121
4294967293,120
4294967293,119
4294967293,118
4294967293,117
4294967293,116
4294967293,115
4294967293,114
4294967293,113
4294967293,112
4294967293,111
4294967293,110
4294967293,109
4294967293,108
4294967293,107
4294967293,106
4294967293,105
4294967293,104
4294967293,103
4294967293,102
4294967293,101
4294967293,100
4294967293,99
4294967293,98
4294967293,97
4294967293,96
4294967293,95
4294967293,94
4294967293,93
4294967293,92
4294967293,91
4294967293,90
4294967293,89
4294967293,87
4294967293,86
4294967293,85
4294967293,84
4294967293,83
4294967293,82
4294967293,81
4294967293,80
4294967293,79
4294967293,78
4294967293,77
4294967293,76
4294967293,75
4294967293,74
4294967293,73
4294967293,72
4294967293,71
4294967293,70
4294967293,69
4294967293,68
4294967293,67
4294967293,66
4294967293,65
4294967293,64
4294967293,63
4294967293,62
4294967293,61
4294967293,60
4294967293,59
4294967293,58
4294967293,57
4294967293,56
4294967293,55
4294967293,54
4294967293,53
4294967293,52
4294967293,51
4294967293,50
4294967293,49
4294967293,48
4294967293,47
4294967293,46
4294967293,45
4294967293,44
4294967293,43
4294967293,42
4294967293,41
4294967293,40
4294967293,39
4294967293,38
4294967293,37
4294967293,36
4294967293,35
4294967293,34
4294967293,33
4294967293,32
4294967293,31
4294967293,30
4294967293,29
4294967293,28
4294967293,27
4294967293,26
4294967293,25
4294967293,24
4294967293,23
4294967293,22
4294967293,21
4294967293,20
4294967293,19
4294967293,18
4294967293,17
4294967293,16
4294967293,15
4294967293,14
4294967293,13
4294967293,12
4294967293,11
4294967293,10
4294967293,9
4294967293,8
4294967293,7
4294967293,6
4294967293,5
4294967293,4
4294967293,3
4294967278,88
4294967278,25
4294967279,132
4294967279,131
4294967279,64
4294967279,57
4294967279,27
4294967279,23
4294967279,22
4294967279,17
4294967279,16
4294967279,15
4294967279,11
4294967279,8
4294967279,5
21,0
4294967294,548
4294967294,643
4294967294,544
4294967294,187
4294967294,650
4294967294,869
4294967294,531
4294967294,533
4294967294,644
4294967294,649
4294967294,567
4294967294,527
4294967294,387
4294967294,646
4294967294,183
4294967294,572
4294967294,570
4294967294,564
4294967294,553
4294967294,1607
4294967294,385
4294967294,876
4294967294,893
4294967294,892
4294967294,1244
4294967294,536
4294967294,878
4294967294,1248
4294967294,59
4294967294,58
4243767290,0
4294967294,462
4294967294,461
4294967294,628
4294967294,460
4294967294,653
4294967294,459
4294967294,458
4294967294,457
4294967294,363
4294967294,362
4294967294,361
4294967294,360
4294967294,359
4294967294,358
4294967294,357
4294967294,356
4294967294,355
4294967294,354
4294967294,353
4294967294,352
4294967294,351
4294967294,350
4294967294,349
4294967294,348
4294967294,347
4294967294,4
4294967279,48
4294967278,45
4294967278,43
4294967279,43
4294967279,42
4294967279,38
4294967278,37
4294967278,408
4294967278,36
4294967278,407
4294967279,32
4294967294,108
4294967294,1224
4294967279,455
4294967294,1223
4294967294,1222
4294967294,1221
4294967279,454
4294967294,1220
4294967294,1218
4294967294,1219
4294967294,1659
4294967294,1217
4294967294,1216
4294967294,1658
4294967294,1663
4294967279,453
4294967294,1662
4294967294,1661
4294967294,1660
4294967294,1617
4294967294,1657
4294967294,1656
4294967294,1774
4294967294,1773
4294967294,1772
4294967294,1771
4294967294,1770
4294967294,1769
4294967294,1768
4294967294,1767
4294967294,1766
4294967294,1765
4294967294,1764
4294967294,1763
4294967294,1762
4294967294,1761
4294967294,1760
4294967294,1759
4294967294,1758
4294967294,1757
4294967294,1756
4294967294,1755
4294967294,1754
4294967294,1753
4294967294,1655
4294967294,1631
4294967294,1752
4294967294,1654
4294967294,1751
4294967294,1630
4294967294,1750
4294967294,1749
4294967294,1748
4294967294,1747
4294967294,1746
4294967294,1745
4294967294,1744
4294967294,1743
4294967294,1742
4294967294,1741
4294967294,1740
4294967294,1739
4294967294,1738
4294967294,1737
4294967294,1736
4294967294,1735
4294967294,1734
4294967294,1733
4294967294,1732
4294967294,1731
4294967294,1730
4294967294,1729
4294967294,1728
4294967294,1653
4294967294,1652
4294967294,1651
4294967294,1650
4294967294,1649
4294967294,1648
4294967294,1647
4294967294,1646
4294967294,1645
4294967294,1644
4294967294,1643
4294967294,1642
4294967294,1641
4294967294,1640
4294967294,1639
4294967294,1638
4294967294,1637
4294967294,1636
4294967294,1635
4294967294,1634
4294967294,1633
4294967294,1632
4294967294,1613
4294967294,1629
4294967294,1628
4294967294,1627
4294967294,1626
4294967294,1625
4294967294,1624
4294967294,1623
4294967294,1622
4294967294,1621
4294967294,1620
4294967294,1619
4294967294,771
4294967294,1618
4294967279,452
4294967279,28
4294967278,406
4294967278,27
4294967294,535
4294967294,537
4294967294,1616
4294967294,874
4294967294,895
4294967294,1615
4294967294,1614
4294967279,451
4294967279,21
4294967294,772
4294967294,774
4294967294,1612
4294967294,1690
4294967294,1689
4294967294,1688
4294967294,1687
4294967294,1686
4294967294,1685
4294967294,1684
4294967294,1683
4294967294,1682
4294967278,405
4294967294,1681
4294967278,131
4294967278,128
4294967278,404
4294967278,126
4294967294,1680
4294967294,1679
4294967278,403
4294967278,125
4294967294,1678
4294967294,1677
4294967294,1676
4294967294,1675
4294967294,1674
4294967278,402
4294967278,123
4294967294,1673
4294967294,1672
4294967294,1671
4294967294,1670
4294967294,1669
4294967294,1668
4294967294,1667
4294967294,1666
4294967278,121
4294967294,1665
4294967278,120
4294967294,627
4294967278,401
4294967278,118
4294967279,450
4294967294,626
4294967278,400
4294967278,111
4294967294,1611
4294967294,640
4294967278,399
4294967278,110
4294967294,1610
4294967279,449
4294967279,0
4294967278,106
4294967278,105
4294967279,448
4294967279,105
4294967278,398
4294967278,104
4294967294,625
4294967278,103
4294967294,1609
4294967294,641
4294967278,397
4294967278,100
4294967279,100
4294967278,99
4294967279,99
4294967278,98
4294967294,624
4294967279,95
4294967278,94
4294967278,93
4294967279,93
4294967294,1608
4294967294,388
4294967294,623
4294967294,1604
4294967294,1606
4294967278,396
4294967294,622
4294967279,87
4294967294,1605
4294967294,621
4294967294,828
4294967278,78
4294967278,395
4294967294,620
4294967278,76
4294967278,73
4294967294,1603
4294967278,394
4294967278,71
4294967294,1602
4294967294,35
4294967294,34
4294967294,33
4294967294,32
4294967294,31
4294967294,30
4294967294,619
4294967294,0
4294967278,64
4294967294,1664
4294967294,1601
4294967294,1600
4294967278,393
4294967278,60
4294967294,831
4294967294,54
4294967294,830
4294967294,829
4294967278,48
4294967294,105
4294967294,57
4294967294,55
4294967279,46
4294967279,45
21,1
4294967278,42
4294967294,103
4294967294,102
4294967294,101
4294967294,100
4294967294,98
4294967294,827
4294967294,447
4294967294,1254
4294967294,884
4294967278,40
4294967294,69
4294967294,97
4294967294,104
4294967294,106
4294967279,40
4294967279,2
4294967294,1212
4294967294,929
4294967294,1211
4294967294,1210
4294967294,1209
4294967294,1208
4294967294,1207
4294967294,1206
4294967294,1205
4294967294,826
4294967294,823
4294967294,1204
4294967279,384
4294967294,1203
4294967294,1202
4294967294,1201
4294967294,1200
4294967294,1199
4294967294,825
4294967294,804
4294967294,1198
4294967294,1197
4294967294,1196
4294967294,1195
4294967294,1194
4294967294,1193
4294967294,1192
4294967294,1076
4294967294,906
4294967294,974
4294967294,976
4294967294,1191
4294967294,1190
4294967294,1189
4294967294,1188
4294967294,1187
4294967294,824
4294967294,859
4294967294,1186
4294967294,1185
4294967294,1184
4294967294,1183
4294967294,1182
4294967294,1181
4294967294,1180
4294967294,1179
4294967294,1178
4294967294,1177
4294967294,820
4294967294,1176
4294967294,1175
4294967294,1174
4294967294,1173
4294967294,1172
4294967294,1171
4294967294,1170
4294967294,1169
4294967294,1168
4294967294,1012
4294967294,939
4294967294,915
4294967294,1017
4294967294,1167
4294967294,1166
4294967294,819
4294967294,822
4294967294,887
4294967294,1165
4294967294,1164
4294967294,1163
4294967294,1162
4294967294,1161
4294967294,1160
4294967294,1159
4294967294,1158
4294967294,1157
4294967294,1156
4294967294,879
4294967294,1155
4294967294,1154
4294967294,821
4294967294,1153
4294967294,807
4294967294,1152
4294967294,1151
4294967294,1150
4294967294,1149
4294967294,1148
4294967294,1147
4294967294,1146
4294967294,1145
4294967294,1144
4294967294,1143
4294967294,1142
4294967294,1141
4294967294,1140
4294967294,1139
4294967294,1138
4294967294,1137
4294967294,1136
4294967294,1135
4294967294,858
4294967294,1134
4294967294,1133
4294967294,1132
4294967294,1131
4294967294,964
4294967294,960
4294967294,1129
4294967294,1128
4294967294,1127
4294967294,1126
4294967294,873
4294967294,1125
4294967294,1124
4294967294,1123
4294967294,1122
4294967294,1121
4294967279,383
4294967294,1120
4294967294,1119
4294967294,1118
4294967294,1117
4294967294,1116
4294967294,1115
4294967294,1084
4294967294,968
4294967294,1114
4294967294,1113
4294967294,1112
4294967294,1111
4294967294,1110
4294967294,1109
4294967294,1108
4294967294,1107
4294967294,1106
4294967294,1105
4294967294,1104
4294967294,1103
4294967294,1102
4294967294,1101
4294967294,818
4294967294,814
4294967294,1100
4294967294,957
4294967294,1090
4294967294,1099
4294967294,1098
4294967294,1097
4294967294,1096
4294967294,1095
4294967294,1092
4294967294,817
4294967294,872
4294967294,1089
4294967294,816
4294967294,1088
4294967294,815
4294967294,812
4294967294,1083
4294967294,896
4294967294,838
4294967294,1080
4294967294,1079
4294967294,1077
4294967294,1074
4294967294,1070
4294967294,1068
4294967294,1067
4294967294,1066
4294967294,1065
4294967294,1064
4294967294,1063
4294967294,1003
4294967294,1062
4294967294,1061
4294967294,1060
4294967294,1059
4294967294,1058
4294967294,1057
4294967294,1056
4294967294,1055
4294967294,1054
4294967294,1053
4294967294,1052
4294967294,1051
4294967294,1050
4294967294,1049
4294967294,916
4294967294,965
4294967294,1048
4294967294,1047
4294967294,1046
4294967294,813
4294967294,1045
4294967294,1044
4294967294,1043
4294967294,1042
4294967294,1041
4294967294,806
4294967294,1039
4294967294,1038
4294967294,1037
4294967294,1036
4294967294,962
4294967294,954
4294967294,902
4294967294,1035
4294967294,1034
4294967294,1033
4294967294,1032
4294967294,1031
4294967294,1030
4294967279,382
4294967294,1029
4294967294,811
4294967294,1028
4294967294,1027
4294967294,1026
4294967294,1025
4294967294,981
4294967294,943
4294967294,832
4294967294,946
4294967294,810
4294967294,1023
4294967294,1022
4294967294,1021
4294967294,809
4294967294,1018
4294967294,1000
4294967294,905
4294967294,973
4294967294,923
4294967294,952
4294967294,1015
4294967294,1013
4294967294,837
4294967294,836
4294967294,945
4294967294,881
4294967294,883
4294967294,898
4294967294,900
4294967294,834
4294967294,875
4294967279,381
4294967279,88
4294967294,871
4294967294,866
4294967294,72
4294967294,71
4294967294,70
4294967294,36
4294967294,39
4294967294,117
4294967294,891
4294967294,657
4294967294,679
4294967294,861
4294967294,853
4294967294,847
4294967294,839
4294967294,1078
4294967294,1276
4294967294,918
4294967278,392
4294967294,618
4294967294,1263
4294967279,380
4294967279,14
4294967279,379
4294967279,9
4294967294,658
4294967294,885
4294967294,886
4294967278,391
4294967278,132
4294967294,1253
4294967279,378
4294967279,128
4294967278,127
4294967294,1252
4294967294,1251
4294967279,377
4294967294,1250
4294967278,390
4294967278,117
4294967294,617
4294967278,389
4294967278,112
4294967294,1249
4294967279,376
4294967279,108
4294967294,1247
4294967278,388
4294967279,98
4294967278,97
4294967294,662
4294967278,92
4294967294,1246
4294967294,661
4294967279,92
4294967294,1243
4294967294,1242
4294967278,85
4294967294,1241
4294967278,80
4294967294,616
4294967294,1240
4294967279,375
4294967278,75
4294967279,374
4294967294,1238
4294967278,387
4294967278,65
4294967278,54
4294967294,769
4294967279,49
4294967294,456
4294967294,894
4294967278,39
4294967278,386
4294967278,0
4294967278,34
4294967294,889
4294967294,615
4294967279,373
4294967279,19
4294967294,888
4294967278,385
4294967279,372
4294967279,6
4294967294,614
4294967294,882
4294967278,384
4294967278,115
4294967278,383
4294967278,114
4294967279,371
4294967294,880
4294967294,613
4294967279,370
4294967278,382
4294967278,108
4294967294,651
4294967294,111
4294967294,110
4294967278,381
4294967294,877
4294967278,96
4294967278,91
4294967278,89
18,1
4294967278,380
17,3
4294967278,379
4294967279,69
4294967294,612
4294967294,870
4294967294,868
4294967294,867
4294967278,57
